-179  98.2246  0
-177.803  105.794  0
-176.605  113.677  0
-175.408  121.83  0
-174.211  130.205  0
-173.013  138.748  0
-171.816  147.403  0
-170.619  156.111  0
-169.421  164.809  0
-168.224  173.431  0
-167.027  181.913  0
-165.829  190.188  0
-164.632  198.189  0
-163.435  205.851  0
-162.237  213.109  0
-161.04  219.904  0
-159.843  226.176  0
-158.645  231.871  0
-157.448  236.94  0
-156.251  241.337  0
-155.054  245.023  0
-153.856  247.966  0
-152.659  250.139  0
-151.462  251.523  0
-150.264  252.105  0
-149.067  251.879  0
-147.87  250.848  0
-146.672  249.022  0
-145.475  246.415  0
-144.278  243.053  0
-143.08  238.965  0
-141.883  234.188  0
-140.686  228.764  0
-139.488  222.74  0
-138.291  216.169  0
-137.094  209.108  0
-135.896  201.616  0
-134.699  193.757  0
-133.502  185.595  0
-132.304  177.196  0
-131.107  168.627  0
-129.91  159.955  0
-128.712  151.244  0
-127.515  142.558  0
-126.318  133.958  0
-125.12  125.502  0
-123.923  117.245  0
-122.726  109.237  0
-121.528  101.524  0
-120.331  94.1464  0
-119.134  87.139  0
-117.936  80.5317  0
-116.739  74.3483  0
-115.542  68.6068  0
-114.344  63.3191  0
-113.147  58.4918  0
-111.95  54.1253  0
-110.753  50.2149  0
-109.555  46.7509  0
-108.358  43.7186  0
-107.161  41.099  0
-105.963  38.8693  0
-104.766  37.0033  0
-103.569  35.4721  0
-102.371  34.2443  0
-101.174  33.287  0
-99.9766  32.566  0
-98.7793  32.0468  0
-97.5819  31.6948  0
-96.3846  31.476  0
-95.1873  31.3575  0
-93.99  31.3081  0
-92.7926  31.2984  0
-91.5953  31.3017  0
-90.398  31.2936  0
-89.2007  31.2533  0
-88.0033  31.1627  0
-86.806  31.0074  0
-85.6087  30.7765  0
-84.4114  30.4622  0
-83.214  30.0607  0
-82.0167  29.5711  0
-80.8194  28.996  0
-79.6221  28.3406  0
-78.4247  27.6133  0
-77.2274  26.8244  0
-76.0301  25.9866  0
-74.8328  25.1141  0
-73.6355  24.2224  0
-72.4381  23.328  0
-71.2408  22.4478  0
-70.0435  21.5985  0
-68.8462  20.7968  0
-67.6488  20.0584  0
-66.4515  19.398  0
-65.2542  18.8287  0
-64.0569  18.3619  0
-62.8595  18.0071  0
-61.6622  17.7713  0
-60.4649  17.6593  0
-59.2676  17.6734  0
-58.0702  17.8133  0
-56.8729  18.0762  0
-55.6756  18.4568  0
-54.4783  18.9474  0
-53.2809  19.5381  0
-52.0836  20.2172  0
-50.8863  20.971  0
-49.689  21.7847  0
-48.4916  22.6424  0
-47.2943  23.5273  0
-46.097  24.4225  0
-44.8997  25.3113  0
-43.7023  26.1773  0
-42.505  27.0054  0
-41.3077  27.7816  0
-40.1104  28.4937  0
-38.913  29.1317  0
-37.7157  29.6881  0
-36.5184  30.1581  0
-35.3211  30.5399  0
-34.1237  30.8351  0
-32.9264  31.0484  0
-31.7291  31.1881  0
-30.5318  31.2661  0
-29.3344  31.2975  0
-28.1371  31.3011  0
-26.9398  31.2986  0
-25.7425  31.3147  0
-24.5452  31.3769  0
-23.3478  31.515  0
-22.1505  31.7607  0
-20.9532  32.1471  0
-19.7559  32.7084  0
-18.5585  33.4792  0
-17.3612  34.494  0
-16.1639  35.7868  0
-14.9666  37.3902  0
-13.7692  39.335  0
-12.5719  41.6497  0
-11.3746  44.3597  0
-10.1773  47.487  0
-8.97993  51.0496  0
-7.78261  55.0612  0
-6.58528  59.5304  0
-5.38796  64.4609  0
-4.19064  69.8507  0
-2.99331  75.6923  0
-1.79599  81.9722  0
-0.598662  88.6712  0
0.598662  95.7641  0
1.79599  103.22  0
2.99331  111.003  0
4.19064  119.07  0
5.38796  127.376  0
6.58528  135.869  0
7.78261  144.493  0
8.97993  153.19  0
10.1773  161.898  0
11.3746  170.554  0
12.5719  179.09  0
13.7692  187.442  0
14.9666  195.542  0
16.1639  203.324  0
17.3612  210.725  0
18.5585  217.682  0
19.7559  224.135  0
20.9532  230.03  0
22.1505  235.313  0
23.3478  239.94  0
24.5452  243.869  0
25.7425  247.064  0
26.9398  249.498  0
28.1371  251.148  0
29.3344  252  0
30.5318  252.045  0
31.7291  251.283  0
32.9264  249.722  0
34.1237  247.375  0
35.3211  244.263  0
36.5184  240.414  0
37.7157  235.864  0
38.913  230.651  0
40.1104  224.823  0
41.3077  218.429  0
42.505  211.526  0
43.7023  204.171  0
44.8997  196.428  0
46.097  188.36  0
47.2943  180.034  0
48.4916  171.514  0
49.689  162.869  0
50.8863  154.164  0
52.0836  145.462  0
53.2809  136.827  0
54.4783  128.317  0
55.6756  119.987  0
56.8729  111.891  0
58.0702  104.074  0
59.2676  96.5798  0
60.4649  89.4446  0
61.6622  82.7003  0
62.8595  76.3725  0
64.0569  70.4812  0
65.2542  65.0404  0
66.4515  60.0584  0
67.6488  55.5377  0
68.8462  51.4754  0
70.0435  47.8631  0
71.2408  44.688  0
72.4381  41.9324  0
73.6355  39.5748  0
74.8328  37.59  0
76.0301  35.95  0
77.2274  34.6241  0
78.4247  33.5798  0
79.6221  32.7835  0
80.8194  32.2005  0
82.0167  31.7963  0
83.214  31.5366  0
84.4114  31.388  0
85.6087  31.3189  0
86.806  31.299  0
88.0033  31.3007  0
89.2007  31.299  0
90.398  31.2716  0
91.5953  31.1996  0
92.7926  31.0674  0
93.99  30.8629  0
95.1873  30.5772  0
96.3846  30.2051  0
97.5819  29.745  0
98.7793  29.198  0
99.9766  28.5688  0
101.174  27.8645  0
102.371  27.0949  0
103.569  26.272  0
104.766  25.4095  0
105.963  24.5224  0
107.161  23.6271  0
108.358  22.7402  0
109.555  21.8787  0
110.753  21.0593  0
111.95  20.298  0
113.147  19.6098  0
114.344  19.0086  0
115.542  18.5063  0
116.739  18.113  0
117.936  17.8367  0
119.134  17.6828  0
120.331  17.6546  0
121.528  17.7525  0
122.726  17.9747  0
123.923  18.3166  0
125.12  18.7713  0
126.318  19.3296  0
127.515  19.9805  0
128.712  20.7109  0
129.91  21.5063  0
131.107  22.351  0
132.304  23.2287  0
133.502  24.1223  0
134.699  25.0151  0
135.896  25.8905  0
137.094  26.733  0
138.291  27.528  0
139.488  28.2628  0
140.686  28.9266  0
141.883  29.511  0
143.08  30.0104  0
144.278  30.4218  0
145.475  30.7456  0
146.672  30.9856  0
147.87  31.1488  0
149.067  31.246  0
150.264  31.2911  0
151.462  31.3017  0
152.659  31.2986  0
153.856  31.3056  0
155.054  31.3492  0
156.251  31.4584  0
157.448  31.6644  0
158.645  31.9998  0
159.843  32.4986  0
161.04  33.1953  0
162.237  34.1245  0
163.435  35.3205  0
164.632  36.8162  0
165.829  38.6433  0
167.027  40.831  0
168.224  43.4058  0
169.421  46.391  0
170.619  49.806  0
171.816  53.6659  0
173.013  57.9811  0
174.211  62.7569  0
175.408  67.9933  0
176.605  73.6846  0
177.803  79.8194  0
179  86.3804  0
