-179  60.8571  0
-177.803  60.6982  0
-176.605  60.4215  0
-175.408  60.0293  0
-174.211  59.5244  0
-173.013  58.9108  0
-171.816  58.193  0
-170.619  57.3765  0
-169.421  56.4673  0
-168.224  55.4721  0
-167.027  54.3981  0
-165.829  53.2531  0
-164.632  52.0452  0
-163.435  50.7826  0
-162.237  49.4739  0
-161.04  48.1279  0
-159.843  46.7533  0
-158.645  45.3586  0
-157.448  43.9525  0
-156.251  42.5431  0
-155.054  41.1384  0
-153.856  39.746  0
-152.659  38.373  0
-151.462  37.0259  0
-150.264  35.7109  0
-149.067  34.4333  0
-147.87  33.198  0
-146.672  32.009  0
-145.475  30.8698  0
-144.278  29.7833  0
-143.08  28.7514  0
-141.883  27.7756  0
-140.686  26.8566  0
-139.488  25.9946  0
-138.291  25.1891  0
-137.094  24.4391  0
-135.896  23.743  0
-134.699  23.0989  0
-133.502  22.5043  0
-132.304  21.9567  0
-131.107  21.4531  0
-129.91  20.9901  0
-128.712  20.5646  0
-127.515  20.173  0
-126.318  19.812  0
-125.12  19.4781  0
-123.923  19.168  0
-122.726  18.8785  0
-121.528  18.6066  0
-120.331  18.3496  0
-119.134  18.1049  0
-117.936  17.8702  0
-116.739  17.6438  0
-115.542  17.4239  0
-114.344  17.2094  0
-113.147  16.9992  0
-111.95  16.7928  0
-110.753  16.5899  0
-109.555  16.3906  0
-108.358  16.195  0
-107.161  16.0038  0
-105.963  15.8178  0
-104.766  15.6379  0
-103.569  15.4651  0
-102.371  15.3008  0
-101.174  15.1462  0
-99.9766  15.0026  0
-98.7793  14.8713  0
-97.5819  14.7537  0
-96.3846  14.6509  0
-95.1873  14.564  0
-93.99  14.494  0
-92.7926  14.4415  0
-91.5953  14.4073  0
-90.398  14.3917  0
-89.2007  14.3948  0
-88.0033  14.4167  0
-86.806  14.4571  0
-85.6087  14.5155  0
-84.4114  14.5913  0
-83.214  14.6837  0
-82.0167  14.7915  0
-80.8194  14.9139  0
-79.6221  15.0494  0
-78.4247  15.1968  0
-77.2274  15.3548  0
-76.0301  15.5221  0
-74.8328  15.6974  0
-73.6355  15.8795  0
-72.4381  16.0674  0
-71.2408  16.2601  0
-70.0435  16.457  0
-68.8462  16.6575  0
-67.6488  16.8616  0
-66.4515  17.0692  0
-65.2542  17.2808  0
-64.0569  17.497  0
-62.8595  17.7189  0
-61.6622  17.9479  0
-60.4649  18.1857  0
-59.2676  18.4343  0
-58.0702  18.696  0
-56.8729  18.9734  0
-55.6756  19.2695  0
-54.4783  19.5872  0
-53.2809  19.9298  0
-52.0836  20.3007  0
-50.8863  20.7033  0
-49.689  21.141  0
-48.4916  21.6172  0
-47.2943  22.1352  0
-46.097  22.6983  0
-44.8997  23.3091  0
-43.7023  23.9704  0
-42.505  24.6844  0
-41.3077  25.4529  0
-40.1104  26.2772  0
-38.913  27.1583  0
-37.7157  28.0964  0
-36.5184  29.0911  0
-35.3211  30.1415  0
-34.1237  31.2459  0
-32.9264  32.4021  0
-31.7291  33.6071  0
-30.5318  34.8571  0
-29.3344  36.1478  0
-28.1371  37.4742  0
-26.9398  38.8307  0
-25.7425  40.2109  0
-24.5452  41.6083  0
-23.3478  43.0154  0
-22.1505  44.4246  0
-20.9532  45.8278  0
-19.7559  47.2167  0
-18.5585  48.5827  0
-17.3612  49.9172  0
-16.1639  51.2113  0
-14.9666  52.4566  0
-13.7692  53.6444  0
-12.5719  54.7664  0
-11.3746  55.8148  0
-10.1773  56.782  0
-8.97993  57.6608  0
-7.78261  58.4449  0
-6.58528  59.1283  0
-5.38796  59.706  0
-4.19064  60.1735  0
-2.99331  60.5273  0
-1.79599  60.7647  0
-0.598662  60.8838  0
0.598662  60.8838  0
1.79599  60.7647  0
2.99331  60.5273  0
4.19064  60.1735  0
5.38796  59.706  0
6.58528  59.1283  0
7.78261  58.4449  0
8.97993  57.6608  0
10.1773  56.782  0
11.3746  55.8148  0
12.5719  54.7664  0
13.7692  53.6444  0
14.9666  52.4566  0
16.1639  51.2113  0
17.3612  49.9172  0
18.5585  48.5827  0
19.7559  47.2167  0
20.9532  45.8278  0
22.1505  44.4246  0
23.3478  43.0154  0
24.5452  41.6083  0
25.7425  40.2109  0
26.9398  38.8307  0
28.1371  37.4742  0
29.3344  36.1478  0
30.5318  34.8571  0
31.7291  33.6071  0
32.9264  32.4021  0
34.1237  31.2459  0
35.3211  30.1415  0
36.5184  29.0911  0
37.7157  28.0964  0
38.913  27.1583  0
40.1104  26.2772  0
41.3077  25.4529  0
42.505  24.6844  0
43.7023  23.9704  0
44.8997  23.3091  0
46.097  22.6983  0
47.2943  22.1352  0
48.4916  21.6172  0
49.689  21.141  0
50.8863  20.7033  0
52.0836  20.3007  0
53.2809  19.9298  0
54.4783  19.5872  0
55.6756  19.2695  0
56.8729  18.9734  0
58.0702  18.696  0
59.2676  18.4343  0
60.4649  18.1857  0
61.6622  17.9479  0
62.8595  17.7189  0
64.0569  17.497  0
65.2542  17.2808  0
66.4515  17.0692  0
67.6488  16.8616  0
68.8462  16.6575  0
70.0435  16.457  0
71.2408  16.2601  0
72.4381  16.0674  0
73.6355  15.8795  0
74.8328  15.6974  0
76.0301  15.5221  0
77.2274  15.3548  0
78.4247  15.1968  0
79.6221  15.0494  0
80.8194  14.9139  0
82.0167  14.7915  0
83.214  14.6837  0
84.4114  14.5913  0
85.6087  14.5155  0
86.806  14.4571  0
88.0033  14.4167  0
89.2007  14.3948  0
90.398  14.3917  0
91.5953  14.4073  0
92.7926  14.4415  0
93.99  14.494  0
95.1873  14.564  0
96.3846  14.6509  0
97.5819  14.7537  0
98.7793  14.8713  0
99.9766  15.0026  0
101.174  15.1462  0
102.371  15.3008  0
103.569  15.4651  0
104.766  15.6379  0
105.963  15.8178  0
107.161  16.0038  0
108.358  16.195  0
109.555  16.3906  0
110.753  16.5899  0
111.95  16.7928  0
113.147  16.9992  0
114.344  17.2094  0
115.542  17.4239  0
116.739  17.6438  0
117.936  17.8702  0
119.134  18.1049  0
120.331  18.3496  0
121.528  18.6066  0
122.726  18.8785  0
123.923  19.168  0
125.12  19.4781  0
126.318  19.812  0
127.515  20.173  0
128.712  20.5646  0
129.91  20.9901  0
131.107  21.4531  0
132.304  21.9567  0
133.502  22.5043  0
134.699  23.0989  0
135.896  23.743  0
137.094  24.4391  0
138.291  25.1891  0
139.488  25.9946  0
140.686  26.8566  0
141.883  27.7756  0
143.08  28.7514  0
144.278  29.7833  0
145.475  30.8698  0
146.672  32.009  0
147.87  33.198  0
149.067  34.4333  0
150.264  35.7109  0
151.462  37.0259  0
152.659  38.373  0
153.856  39.746  0
155.054  41.1384  0
156.251  42.5431  0
157.448  43.9525  0
158.645  45.3586  0
159.843  46.7533  0
161.04  48.1279  0
162.237  49.4739  0
163.435  50.7826  0
164.632  52.0452  0
165.829  53.2531  0
167.027  54.3981  0
168.224  55.4721  0
169.421  56.4673  0
170.619  57.3765  0
171.816  58.193  0
173.013  58.9108  0
174.211  59.5244  0
175.408  60.0293  0
176.605  60.4215  0
177.803  60.6982  0
179  60.8571  0
