-179  31.1624  0
-177.803  31.0069  0
-176.605  30.7757  0
-175.408  30.4612  0
-174.211  30.0595  0
-173.013  29.5696  0
-171.816  28.9942  0
-170.619  28.3387  0
-169.421  27.6111  0
-168.224  26.8221  0
-167.027  25.9842  0
-165.829  25.1116  0
-164.632  24.2199  0
-163.435  23.3255  0
-162.237  22.4453  0
-161.04  21.5962  0
-159.843  20.7947  0
-158.645  20.0565  0
-157.448  19.3963  0
-156.251  18.8272  0
-155.054  18.3608  0
-153.856  18.0062  0
-152.659  17.7708  0
-151.462  17.6592  0
-150.264  17.6736  0
-149.067  17.8139  0
-147.87  18.0771  0
-146.672  18.458  0
-145.475  18.9489  0
-144.278  19.5399  0
-143.08  20.2192  0
-141.883  20.9732  0
-140.686  21.7871  0
-139.488  22.6448  0
-138.291  23.5298  0
-137.094  24.425  0
-135.896  25.3137  0
-134.699  26.1797  0
-133.502  27.0076  0
-132.304  27.7836  0
-131.107  28.4956  0
-129.91  29.1334  0
-128.712  29.6895  0
-127.515  30.1593  0
-126.318  30.5409  0
-125.12  30.8358  0
-123.923  31.0489  0
-122.726  31.1884  0
-121.528  31.2662  0
-120.331  31.2976  0
-119.134  31.3011  0
-117.936  31.2986  0
-116.739  31.3148  0
-115.542  31.3772  0
-114.344  31.5156  0
-113.147  31.7616  0
-111.95  32.1484  0
-110.753  32.7102  0
-109.555  33.4816  0
-108.358  34.4972  0
-107.161  35.7909  0
-105.963  37.3952  0
-104.766  39.341  0
-103.569  41.6567  0
-102.371  44.3678  0
-101.174  47.4963  0
-99.9766  51.0602  0
-98.7793  55.073  0
-97.5819  59.5436  0
-96.3846  64.4753  0
-95.1873  69.8664  0
-93.99  75.7092  0
-92.7926  81.9903  0
-91.5953  88.6904  0
-90.398  95.7844  0
-89.2007  103.241  0
-88.0033  111.025  0
-86.806  119.093  0
-85.6087  127.4  0
-84.4114  135.893  0
-83.214  144.517  0
-82.0167  153.215  0
-80.8194  161.923  0
-79.6221  170.578  0
-78.4247  179.114  0
-77.2274  187.465  0
-76.0301  195.564  0
-74.8328  203.346  0
-73.6355  210.745  0
-72.4381  217.701  0
-71.2408  224.152  0
-70.0435  230.045  0
-68.8462  235.327  0
-67.6488  239.952  0
-66.4515  243.879  0
-65.2542  247.072  0
-64.0569  249.504  0
-62.8595  251.152  0
-61.6622  252.001  0
-60.4649  252.044  0
-59.2676  251.28  0
-58.0702  249.716  0
-56.8729  247.367  0
-55.6756  244.253  0
-54.4783  240.403  0
-53.2809  235.85  0
-52.0836  230.636  0
-50.8863  224.805  0
-49.689  218.41  0
-48.4916  211.506  0
-47.2943  204.15  0
-46.097  196.406  0
-44.8997  188.337  0
-43.7023  180.01  0
-42.505  171.49  0
-41.3077  162.845  0
-40.1104  154.14  0
-38.913  145.438  0
-37.7157  136.803  0
-36.5184  128.293  0
-35.3211  119.965  0
-34.1237  111.869  0
-32.9264  104.053  0
-31.7291  96.5593  0
-30.5318  89.4252  0
-29.3344  82.682  0
-28.1371  76.3554  0
-26.9398  70.4654  0
-25.7425  65.0259  0
-24.5452  60.0452  0
-23.3478  55.5257  0
-22.1505  51.4646  0
-20.9532  47.8537  0
-19.7559  44.6797  0
-18.5585  41.9253  0
-17.3612  39.5687  0
-16.1639  37.585  0
-14.9666  35.9458  0
-13.7692  34.6208  0
-12.5719  33.5773  0
-11.3746  32.7815  0
-10.1773  32.1991  0
-8.97993  31.7954  0
-7.78261  31.536  0
-6.58528  31.3878  0
-5.38796  31.3187  0
-4.19064  31.299  0
-2.99331  31.3007  0
-1.79599  31.2989  0
-0.598662  31.2715  0
0.598662  31.1994  0
1.79599  31.067  0
2.99331  30.8622  0
4.19064  30.5762  0
5.38796  30.204  0
6.58528  29.7435  0
7.78261  29.1964  0
8.97993  28.5669  0
10.1773  27.8624  0
11.3746  27.0927  0
12.5719  26.2696  0
13.7692  25.407  0
14.9666  24.5199  0
16.1639  23.6246  0
17.3612  22.7378  0
18.5585  21.8763  0
19.7559  21.057  0
20.9532  20.2959  0
22.1505  19.608  0
23.3478  19.0071  0
24.5452  18.5051  0
25.7425  18.1121  0
26.9398  17.8361  0
28.1371  17.6826  0
29.3344  17.6547  0
30.5318  17.753  0
31.7291  17.9755  0
32.9264  18.3177  0
34.1237  18.7727  0
35.3211  19.3313  0
36.5184  19.9825  0
37.7157  20.713  0
38.913  21.5086  0
40.1104  22.3534  0
41.3077  23.2311  0
42.505  24.1248  0
43.7023  25.0176  0
44.8997  25.8929  0
46.097  26.7353  0
47.2943  27.5301  0
48.4916  28.2647  0
49.689  28.9283  0
50.8863  29.5126  0
52.0836  30.0116  0
53.2809  30.4228  0
54.4783  30.7464  0
55.6756  30.9861  0
56.8729  31.1492  0
58.0702  31.2461  0
59.2676  31.2912  0
60.4649  31.3017  0
61.6622  31.2986  0
62.8595  31.3056  0
64.0569  31.3494  0
65.2542  31.4588  0
66.4515  31.6651  0
67.6488  32.0009  0
68.8462  32.5003  0
70.0435  33.1976  0
71.2408  34.1275  0
72.4381  35.3242  0
73.6355  36.8208  0
74.8328  38.6489  0
76.0301  40.8376  0
77.2274  43.4135  0
78.4247  46.3999  0
79.6221  49.8161  0
80.8194  53.6773  0
82.0167  57.9937  0
83.214  62.7709  0
84.4114  68.0085  0
85.6087  73.7011  0
86.806  79.8372  0
88.0033  86.3993  0
89.2007  93.3645  0
90.398  100.704  0
91.5953  108.382  0
92.7926  116.36  0
93.99  124.592  0
95.1873  133.028  0
96.3846  141.615  0
97.5819  150.295  0
98.7793  159.007  0
99.9766  167.686  0
101.174  176.27  0
102.371  184.69  0
103.569  192.881  0
104.766  200.777  0
105.963  208.311  0
107.161  215.422  0
108.358  222.049  0
109.555  228.136  0
110.753  233.628  0
111.95  238.478  0
113.147  242.643  0
114.344  246.085  0
115.542  248.775  0
116.739  250.688  0
117.936  251.806  0
119.134  252.119  0
120.331  251.626  0
121.528  250.329  0
122.726  248.241  0
123.923  245.38  0
125.12  241.773  0
126.318  237.452  0
127.515  232.454  0
128.712  226.825  0
129.91  220.614  0
131.107  213.873  0
132.304  206.662  0
133.502  199.041  0
134.699  191.074  0
135.896  182.826  0
137.094  174.364  0
138.291  165.753  0
139.488  157.06  0
140.686  148.351  0
141.883  139.686  0
143.08  131.128  0
144.278  122.733  0
145.475  114.553  0
146.672  106.639  0
147.87  99.0328  0
149.067  91.7744  0
150.264  84.897  0
151.462  78.4283  0
152.659  72.3901  0
153.856  66.7983  0
155.054  61.6633  0
156.251  56.9893  0
157.448  52.7752  0
158.645  49.0146  0
159.843  45.6959  0
161.04  42.8031  0
162.237  40.3158  0
163.435  38.2101  0
164.632  36.4587  0
165.829  35.0319  0
167.027  33.8977  0
168.224  33.0228  0
169.421  32.3727  0
170.619  31.9129  0
171.816  31.6089  0
173.013  31.4271  0
174.211  31.3349  0
175.408  31.3019  0
176.605  31.2993  0
177.803  31.3013  0
179  31.2848  0
